   2.3000000e+00
   2.1000000e+00
   2.0200000e+01
   1.7300000e+01
   6.4000000e+00
   4.7000000e+00
   4.4000000e+00
   3.4000000e+00
   1.2100000e+01
   2.7100000e+01
   8.9000000e+00
   6.8000000e+00
   8.8000000e+00
   1.0000000e+01
   1.4100000e+01
   1.8300000e+01
   1.2700000e+01
   1.0250000e+02
   1.0510000e+02
   2.4300000e+01
   1.6800000e+01
   2.2000000e+01
   1.8400000e+01
   4.5100000e+01
   3.6100000e+01
   2.0900000e+01
   1.6400000e+01
   1.4500000e+01
   1.2600000e+01
   1.1100000e+01
   1.0100000e+01
   9.2000000e+00
   2.5200000e+01
   2.5900000e+01
   1.5800000e+01
   1.3500000e+01
   1.1800000e+01
   1.1000000e+01
   1.2200000e+01
   1.2200000e+01
   1.0600000e+01
   9.6000000e+00
   9.7000000e+00
   1.8800000e+01
   1.2400000e+01
   1.0300000e+01
   9.7000000e+00
   9.7000000e+00
   1.8500000e+01
   1.8700000e+01
   1.2900000e+01
   1.1500000e+01
   1.0400000e+01
   9.3000000e+00
   9.0000000e+00
   8.8000000e+00
   8.5000000e+00
   8.3000000e+00
   1.2100000e+01
   2.2000000e+01
   1.3200000e+01
   1.0800000e+01
   1.9100000e+01
   1.6000000e+01
   1.3100000e+01
   1.6300000e+01
   1.2100000e+01
   1.1100000e+01
   1.0800000e+01
   1.0700000e+01
   1.0100000e+01
   9.7000000e+00
   9.4000000e+00
   1.1500000e+01
   1.3600000e+01
   1.4600000e+01
   1.4100000e+01
   1.1700000e+01
   1.0200000e+01
   1.0600000e+01
   5.2500000e+01
   2.4800000e+01
   1.9400000e+01
   1.7400000e+01
   1.5400000e+01
   1.4200000e+01
   1.4500000e+01
   1.3600000e+01
   1.2100000e+01
   1.1100000e+01
   1.1300000e+01
   1.2400000e+01
   1.1000000e+01
   1.0400000e+01
   1.1400000e+01
   1.0000000e+01
   9.5000000e+00
   8.9000000e+00
   1.0300000e+01
   2.8700000e+01
   1.6600000e+01
   2.4600000e+01
   1.6800000e+01
   1.3900000e+01
   1.2700000e+01
   1.3000000e+01
   1.5400000e+01
   1.2500000e+01
   1.1500000e+01
   1.1200000e+01
   1.1500000e+01
   1.2000000e+01
   1.2000000e+01
   1.2300000e+01
   1.0400000e+01
   9.4000000e+00
   9.1000000e+00
   8.6000000e+00
   8.2000000e+00
   8.0000000e+00
   7.7000000e+00
   7.4000000e+00
   7.2000000e+00
   7.2000000e+00
   6.8000000e+00
   6.7000000e+00
   6.6000000e+00
   7.8000000e+00
   7.8000000e+00
   6.7000000e+00
   6.1000000e+00
   5.9000000e+00
   5.8000000e+00
   5.7000000e+00
   5.3000000e+00
   5.1000000e+00
   4.9000000e+00
   4.9000000e+00
   4.9000000e+00
   5.1000000e+00
   4.8000000e+00
   4.3000000e+00
   4.6000000e+00
   5.8000000e+00
   6.3000000e+00
   5.1000000e+00
   4.5000000e+00
   4.2000000e+00
   4.0000000e+00
   3.8000000e+00
   3.7000000e+00
   3.6000000e+00
   3.6000000e+00
   4.5000000e+00
   4.5000000e+00
   3.7000000e+00
   3.4000000e+00
   3.5000000e+00
   3.5000000e+00
   3.2000000e+00
   2.6000000e+00
   3.0000000e+00
   2.6000000e+00
   2.6000000e+00
   3.1000000e+00
   3.9000000e+00
   3.7000000e+00
   3.5000000e+00
   6.6000000e+00
   4.9000000e+00
   3.6000000e+00
   3.3000000e+00
   3.2000000e+00
   3.1000000e+00
   2.7000000e+00
   2.7000000e+00
   2.6000000e+00
   2.5000000e+00
   2.4000000e+00
   2.5000000e+00
   2.3000000e+00
   2.6000000e+00
   1.8000000e+00
   1.9000000e+00
   1.6000000e+00
   2.0000000e+00
   2.0000000e+00
   1.9000000e+00
   1.3000000e+00
   1.2000000e+00
   1.3000000e+00
   1.6000000e+00
   1.7000000e+00
   1.6000000e+00
   1.5000000e+00
   1.4000000e+00
   1.3000000e+00
   1.2000000e+00
   1.0000000e+00
   1.2000000e+00
   1.2000000e+00
   1.3000000e+00
   1.6000000e+00
   1.4000000e+00
   1.2000000e+00
   1.2000000e+00
   1.2000000e+00
   1.2000000e+00
   1.0000000e+00
   9.0000000e-01
   8.0000000e-01
   9.0000000e-01
   1.0000000e+00
   1.1000000e+00
   1.0000000e+00
   8.0000000e-01
   4.0000000e-01
   4.0000000e-01
   5.0000000e-01
   6.0000000e-01
   9.0000000e-01
   9.0000000e-01
   1.0000000e+00
   1.0000000e+00
   8.0000000e-01
   5.2000000e+00
   7.1000000e+00
   4.2000000e+00
   2.6000000e+00
   1.3000000e+00
   1.7000000e+00
   1.7000000e+00
   1.9000000e+00
   1.1000000e+00
   1.6000000e+00
   1.5000000e+00
   1.4000000e+00
   1.8000000e+00
   2.3000000e+00
   2.2000000e+00
   1.8000000e+00
   1.5000000e+00
   1.4000000e+00
   1.2000000e+00
   1.2000000e+00
   1.1000000e+00
   1.2000000e+00
   1.5000000e+00
   4.5000000e+00
   2.0700000e+01
   1.0100000e+01
   4.4000000e+00
   1.1000000e+01
   5.3000000e+00
   3.8000000e+00
   3.2000000e+00
   2.6000000e+00
   2.9000000e+00
   9.6300000e+01
   2.6040000e+02
   3.1800000e+01
   2.1200000e+01
   1.6700000e+01
   1.6500000e+01
   2.1000000e+01
   1.5800000e+01
   1.2100000e+01
   1.0700000e+01
   9.6000000e+00
   8.9000000e+00
   8.6000000e+00
   8.9000000e+00
   3.1200000e+01
   1.9800000e+01
   1.3100000e+01
   1.1000000e+01
   1.1400000e+01
   2.1000000e+01
   1.4300000e+01
   1.1200000e+01
   9.9000000e+00
   9.3000000e+00
   3.3200000e+01
   2.8700000e+01
   1.7000000e+01
   1.4300000e+01
   1.3700000e+01
   1.2300000e+01
   1.1100000e+01
   1.0800000e+01
   1.0900000e+01
   1.0000000e+01
   9.7000000e+00
   1.0700000e+01
   9.4000000e+00
   9.7000000e+00
   9.3000000e+00
   8.2000000e+00
   7.1000000e+00
   6.7000000e+00
   6.5000000e+00
   6.2000000e+00
   6.0000000e+00
   6.0000000e+00
   6.0000000e+00
   6.1000000e+00
   1.4100000e+01
   8.6000000e+00
   6.8000000e+00
   6.2000000e+00
   6.0000000e+00
   5.8000000e+00
   5.5000000e+00
   5.3000000e+00
   5.3000000e+00
   5.4000000e+00
   5.1000000e+00
   5.1000000e+00
   4.9000000e+00
   5.0000000e+00
   4.6000000e+00
   4.2000000e+00
   4.2000000e+00
   4.2000000e+00
   4.8000000e+00
   4.7000000e+00
   4.6000000e+00
   4.0000000e+00
   4.7000000e+00
   5.9000000e+00
   3.5200000e+01
   1.4300000e+01
   9.4000000e+00
   7.8000000e+00
   6.9000000e+00
   6.5000000e+00
   6.1000000e+00
   6.0000000e+00
   5.9000000e+00
   1.2100000e+01
   1.4500000e+01
   8.5000000e+00
   7.7000000e+00
   7.7000000e+00
   1.1900000e+01
   8.6000000e+00
   7.5000000e+00
   2.3400000e+01
   3.7500000e+01
   1.9100000e+01
   1.5000000e+01
   1.3100000e+01
   1.2000000e+01
   1.1700000e+01
   1.6100000e+01
   1.2400000e+01
   1.0700000e+01
   1.0000000e+01
   9.2000000e+00
   9.0000000e+00
   8.8000000e+00
   8.6000000e+00
   8.2000000e+00
   8.0000000e+00
   7.7000000e+00
