   2.1551568e+01
   2.1551568e+01
   2.1551568e+01
   2.1551568e+01
   2.1551568e+01
   2.1551568e+01
   2.1551568e+01
   2.1551568e+01
   2.1551568e+01
   2.1551568e+01
   2.1551568e+01
   2.1551568e+01
   2.1551568e+01
   2.1551568e+01
   2.1551568e+01
   2.1551568e+01
   2.1551568e+01
   2.1551568e+01
   2.1551568e+01
   2.1551568e+01
   2.1551568e+01
   2.1551568e+01
   2.1551568e+01
   2.1551568e+01
   2.1551568e+01
   2.1551568e+01
   2.1551568e+01
   2.1551568e+01
   2.1551568e+01
   2.1551568e+01
   2.1551568e+01
   2.0350923e+01
   2.0350923e+01
   2.0350923e+01
   2.0350923e+01
   2.0350923e+01
   2.0350923e+01
   2.0350923e+01
   2.0350923e+01
   2.0350923e+01
   2.0350923e+01
   2.0350923e+01
   2.0350923e+01
   2.0350923e+01
   2.0350923e+01
   2.0350923e+01
   2.0350923e+01
   2.0350923e+01
   2.0350923e+01
   2.0350923e+01
   2.0350923e+01
   2.0350923e+01
   2.0350923e+01
   2.0350923e+01
   2.0350923e+01
   2.0350923e+01
   2.0350923e+01
   2.0350923e+01
   2.0350923e+01
   2.3832792e+01
   2.3832792e+01
   2.3832792e+01
   2.3832792e+01
   2.3832792e+01
   2.3832792e+01
   2.3832792e+01
   2.3832792e+01
   2.3832792e+01
   2.3832792e+01
   2.3832792e+01
   2.3832792e+01
   2.3832792e+01
   2.3832792e+01
   2.3832792e+01
   2.3832792e+01
   2.3832792e+01
   2.3832792e+01
   2.3832792e+01
   2.3832792e+01
   2.3832792e+01
   2.3832792e+01
   2.3832792e+01
   2.3832792e+01
   2.3832792e+01
   2.3832792e+01
   2.3832792e+01
   2.3832792e+01
   2.3832792e+01
   2.3832792e+01
   2.3832792e+01
   2.8725418e+01
   2.8725418e+01
   2.8725418e+01
   2.8725418e+01
   2.8725418e+01
   2.8725418e+01
   2.8725418e+01
   2.8725418e+01
   2.8725418e+01
   2.8725418e+01
   2.8725418e+01
   2.8725418e+01
   2.8725418e+01
   2.8725418e+01
   2.8725418e+01
   2.8725418e+01
   2.8725418e+01
   2.8725418e+01
   2.8725418e+01
   2.8725418e+01
   2.8725418e+01
   2.8725418e+01
   2.8725418e+01
   2.8725418e+01
   2.8725418e+01
   2.8725418e+01
   2.8725418e+01
   2.8725418e+01
   2.8725418e+01
   2.8725418e+01
   3.4698624e+01
   3.4698624e+01
   3.4698624e+01
   3.4698624e+01
   3.4698624e+01
   3.4698624e+01
   3.4698624e+01
   3.4698624e+01
   3.4698624e+01
   3.4698624e+01
   3.4698624e+01
   3.4698624e+01
   3.4698624e+01
   3.4698624e+01
   3.4698624e+01
   3.4698624e+01
   3.4698624e+01
   3.4698624e+01
   3.4698624e+01
   3.4698624e+01
   3.4698624e+01
   3.4698624e+01
   3.4698624e+01
   3.4698624e+01
   3.4698624e+01
   3.4698624e+01
   3.4698624e+01
   3.4698624e+01
   3.4698624e+01
   3.4698624e+01
   3.4698624e+01
   4.0461718e+01
   4.0461718e+01
   4.0461718e+01
   4.0461718e+01
   4.0461718e+01
   4.0461718e+01
   4.0461718e+01
   4.0461718e+01
   4.0461718e+01
   4.0461718e+01
   4.0461718e+01
   4.0461718e+01
   4.0461718e+01
   4.0461718e+01
   4.0461718e+01
   4.0461718e+01
   4.0461718e+01
   4.0461718e+01
   4.0461718e+01
   4.0461718e+01
   4.0461718e+01
   4.0461718e+01
   4.0461718e+01
   4.0461718e+01
   4.0461718e+01
   4.0461718e+01
   4.0461718e+01
   4.0461718e+01
   4.0461718e+01
   4.0461718e+01
   4.1302169e+01
   4.1302169e+01
   4.1302169e+01
   4.1302169e+01
   4.1302169e+01
   4.1302169e+01
   4.1302169e+01
   4.1302169e+01
   4.1302169e+01
   4.1302169e+01
   4.1302169e+01
   4.1302169e+01
   4.1302169e+01
   4.1302169e+01
   4.1302169e+01
   4.1302169e+01
   4.1302169e+01
   4.1302169e+01
   4.1302169e+01
   4.1302169e+01
   4.1302169e+01
   4.1302169e+01
   4.1302169e+01
   4.1302169e+01
   4.1302169e+01
   4.1302169e+01
   4.1302169e+01
   4.1302169e+01
   4.1302169e+01
   4.1302169e+01
   4.1302169e+01
   3.9501202e+01
   3.9501202e+01
   3.9501202e+01
   3.9501202e+01
   3.9501202e+01
   3.9501202e+01
   3.9501202e+01
   3.9501202e+01
   3.9501202e+01
   3.9501202e+01
   3.9501202e+01
   3.9501202e+01
   3.9501202e+01
   3.9501202e+01
   3.9501202e+01
   3.9501202e+01
   3.9501202e+01
   3.9501202e+01
   3.9501202e+01
   3.9501202e+01
   3.9501202e+01
   3.9501202e+01
   3.9501202e+01
   3.9501202e+01
   3.9501202e+01
   3.9501202e+01
   3.9501202e+01
   3.9501202e+01
   3.9501202e+01
   3.9501202e+01
   3.9501202e+01
   3.1937142e+01
   3.1937142e+01
   3.1937142e+01
   3.1937142e+01
   3.1937142e+01
   3.1937142e+01
   3.1937142e+01
   3.1937142e+01
   3.1937142e+01
   3.1937142e+01
   3.1937142e+01
   3.1937142e+01
   3.1937142e+01
   3.1937142e+01
   3.1937142e+01
   3.1937142e+01
   3.1937142e+01
   3.1937142e+01
   3.1937142e+01
   3.1937142e+01
   3.1937142e+01
   3.1937142e+01
   3.1937142e+01
   3.1937142e+01
   3.1937142e+01
   3.1937142e+01
   3.1937142e+01
   3.1937142e+01
   3.1937142e+01
   3.1937142e+01
   2.4733276e+01
   2.4733276e+01
   2.4733276e+01
   2.4733276e+01
   2.4733276e+01
   2.4733276e+01
   2.4733276e+01
   2.4733276e+01
   2.4733276e+01
   2.4733276e+01
   2.4733276e+01
   2.4733276e+01
   2.4733276e+01
   2.4733276e+01
   2.4733276e+01
   2.4733276e+01
   2.4733276e+01
   2.4733276e+01
   2.4733276e+01
   2.4733276e+01
   2.4733276e+01
   2.4733276e+01
   2.4733276e+01
   2.4733276e+01
   2.4733276e+01
   2.4733276e+01
   2.4733276e+01
   2.4733276e+01
   2.4733276e+01
   2.4733276e+01
   2.4733276e+01
   2.9745966e+01
   2.9745966e+01
   2.9745966e+01
   2.9745966e+01
   2.9745966e+01
   2.9745966e+01
   2.9745966e+01
   2.9745966e+01
   2.9745966e+01
   2.9745966e+01
   2.9745966e+01
   2.9745966e+01
   2.9745966e+01
   2.9745966e+01
   2.9745966e+01
   2.9745966e+01
   2.9745966e+01
   2.9745966e+01
   2.9745966e+01
   2.9745966e+01
   2.9745966e+01
   2.9745966e+01
   2.9745966e+01
   2.9745966e+01
   2.9745966e+01
   2.9745966e+01
   2.9745966e+01
   2.9745966e+01
   2.9745966e+01
   2.9745966e+01
   2.3382551e+01
   2.3382551e+01
   2.3382551e+01
   2.3382551e+01
   2.3382551e+01
   2.3382551e+01
   2.3382551e+01
   2.3382551e+01
   2.3382551e+01
   2.3382551e+01
   2.3382551e+01
   2.3382551e+01
   2.3382551e+01
   2.3382551e+01
   2.3382551e+01
   2.3382551e+01
   2.3382551e+01
   2.3382551e+01
   2.3382551e+01
   2.3382551e+01
   2.3382551e+01
   2.3382551e+01
   2.3382551e+01
   2.3382551e+01
   2.3382551e+01
   2.3382551e+01
   2.3382551e+01
   2.3382551e+01
   2.3382551e+01
   2.3382551e+01
   2.3382551e+01
