   5.2297813e+01
   5.2297813e+01
   5.2297813e+01
   5.2297813e+01
   5.2297813e+01
   5.2297813e+01
   5.2297813e+01
   5.2297813e+01
   5.2297813e+01
   5.2297813e+01
   5.2297813e+01
   5.2297813e+01
   5.2297813e+01
   5.2297813e+01
   5.2297813e+01
   5.2297813e+01
   5.2297813e+01
   5.2297813e+01
   5.2297813e+01
   5.2297813e+01
   5.2297813e+01
   5.2297813e+01
   5.2297813e+01
   5.2297813e+01
   5.2297813e+01
   5.2297813e+01
   5.2297813e+01
   5.2297813e+01
   5.2297813e+01
   5.2297813e+01
   5.2297813e+01
   5.4748458e+01
   5.4748458e+01
   5.4748458e+01
   5.4748458e+01
   5.4748458e+01
   5.4748458e+01
   5.4748458e+01
   5.4748458e+01
   5.4748458e+01
   5.4748458e+01
   5.4748458e+01
   5.4748458e+01
   5.4748458e+01
   5.4748458e+01
   5.4748458e+01
   5.4748458e+01
   5.4748458e+01
   5.4748458e+01
   5.4748458e+01
   5.4748458e+01
   5.4748458e+01
   5.4748458e+01
   5.4748458e+01
   5.4748458e+01
   5.4748458e+01
   5.4748458e+01
   5.4748458e+01
   5.4748458e+01
   4.9899309e+01
   4.9899309e+01
   4.9899309e+01
   4.9899309e+01
   4.9899309e+01
   4.9899309e+01
   4.9899309e+01
   4.9899309e+01
   4.9899309e+01
   4.9899309e+01
   4.9899309e+01
   4.9899309e+01
   4.9899309e+01
   4.9899309e+01
   4.9899309e+01
   4.9899309e+01
   4.9899309e+01
   4.9899309e+01
   4.9899309e+01
   4.9899309e+01
   4.9899309e+01
   4.9899309e+01
   4.9899309e+01
   4.9899309e+01
   4.9899309e+01
   4.9899309e+01
   4.9899309e+01
   4.9899309e+01
   4.9899309e+01
   4.9899309e+01
   4.9899309e+01
   4.7396523e+01
   4.7396523e+01
   4.7396523e+01
   4.7396523e+01
   4.7396523e+01
   4.7396523e+01
   4.7396523e+01
   4.7396523e+01
   4.7396523e+01
   4.7396523e+01
   4.7396523e+01
   4.7396523e+01
   4.7396523e+01
   4.7396523e+01
   4.7396523e+01
   4.7396523e+01
   4.7396523e+01
   4.7396523e+01
   4.7396523e+01
   4.7396523e+01
   4.7396523e+01
   4.7396523e+01
   4.7396523e+01
   4.7396523e+01
   4.7396523e+01
   4.7396523e+01
   4.7396523e+01
   4.7396523e+01
   4.7396523e+01
   4.7396523e+01
   5.1880682e+01
   5.1880682e+01
   5.1880682e+01
   5.1880682e+01
   5.1880682e+01
   5.1880682e+01
   5.1880682e+01
   5.1880682e+01
   5.1880682e+01
   5.1880682e+01
   5.1880682e+01
   5.1880682e+01
   5.1880682e+01
   5.1880682e+01
   5.1880682e+01
   5.1880682e+01
   5.1880682e+01
   5.1880682e+01
   5.1880682e+01
   5.1880682e+01
   5.1880682e+01
   5.1880682e+01
   5.1880682e+01
   5.1880682e+01
   5.1880682e+01
   5.1880682e+01
   5.1880682e+01
   5.1880682e+01
   5.1880682e+01
   5.1880682e+01
   5.1880682e+01
   5.3757772e+01
   5.3757772e+01
   5.3757772e+01
   5.3757772e+01
   5.3757772e+01
   5.3757772e+01
   5.3757772e+01
   5.3757772e+01
   5.3757772e+01
   5.3757772e+01
   5.3757772e+01
   5.3757772e+01
   5.3757772e+01
   5.3757772e+01
   5.3757772e+01
   5.3757772e+01
   5.3757772e+01
   5.3757772e+01
   5.3757772e+01
   5.3757772e+01
   5.3757772e+01
   5.3757772e+01
   5.3757772e+01
   5.3757772e+01
   5.3757772e+01
   5.3757772e+01
   5.3757772e+01
   5.3757772e+01
   5.3757772e+01
   5.3757772e+01
   5.2662803e+01
   5.2662803e+01
   5.2662803e+01
   5.2662803e+01
   5.2662803e+01
   5.2662803e+01
   5.2662803e+01
   5.2662803e+01
   5.2662803e+01
   5.2662803e+01
   5.2662803e+01
   5.2662803e+01
   5.2662803e+01
   5.2662803e+01
   5.2662803e+01
   5.2662803e+01
   5.2662803e+01
   5.2662803e+01
   5.2662803e+01
   5.2662803e+01
   5.2662803e+01
   5.2662803e+01
   5.2662803e+01
   5.2662803e+01
   5.2662803e+01
   5.2662803e+01
   5.2662803e+01
   5.2662803e+01
   5.2662803e+01
   5.2662803e+01
   5.2662803e+01
   5.4122762e+01
   5.4122762e+01
   5.4122762e+01
   5.4122762e+01
   5.4122762e+01
   5.4122762e+01
   5.4122762e+01
   5.4122762e+01
   5.4122762e+01
   5.4122762e+01
   5.4122762e+01
   5.4122762e+01
   5.4122762e+01
   5.4122762e+01
   5.4122762e+01
   5.4122762e+01
   5.4122762e+01
   5.4122762e+01
   5.4122762e+01
   5.4122762e+01
   5.4122762e+01
   5.4122762e+01
   5.4122762e+01
   5.4122762e+01
   5.4122762e+01
   5.4122762e+01
   5.4122762e+01
   5.4122762e+01
   5.4122762e+01
   5.4122762e+01
   5.4122762e+01
   5.3184217e+01
   5.3184217e+01
   5.3184217e+01
   5.3184217e+01
   5.3184217e+01
   5.3184217e+01
   5.3184217e+01
   5.3184217e+01
   5.3184217e+01
   5.3184217e+01
   5.3184217e+01
   5.3184217e+01
   5.3184217e+01
   5.3184217e+01
   5.3184217e+01
   5.3184217e+01
   5.3184217e+01
   5.3184217e+01
   5.3184217e+01
   5.3184217e+01
   5.3184217e+01
   5.3184217e+01
   5.3184217e+01
   5.3184217e+01
   5.3184217e+01
   5.3184217e+01
   5.3184217e+01
   5.3184217e+01
   5.3184217e+01
   5.3184217e+01
   5.1567834e+01
   5.1567834e+01
   5.1567834e+01
   5.1567834e+01
   5.1567834e+01
   5.1567834e+01
   5.1567834e+01
   5.1567834e+01
   5.1567834e+01
   5.1567834e+01
   5.1567834e+01
   5.1567834e+01
   5.1567834e+01
   5.1567834e+01
   5.1567834e+01
   5.1567834e+01
   5.1567834e+01
   5.1567834e+01
   5.1567834e+01
   5.1567834e+01
   5.1567834e+01
   5.1567834e+01
   5.1567834e+01
   5.1567834e+01
   5.1567834e+01
   5.1567834e+01
   5.1567834e+01
   5.1567834e+01
   5.1567834e+01
   5.1567834e+01
   5.1567834e+01
   5.2871368e+01
   5.2871368e+01
   5.2871368e+01
   5.2871368e+01
   5.2871368e+01
   5.2871368e+01
   5.2871368e+01
   5.2871368e+01
   5.2871368e+01
   5.2871368e+01
   5.2871368e+01
   5.2871368e+01
   5.2871368e+01
   5.2871368e+01
   5.2871368e+01
   5.2871368e+01
   5.2871368e+01
   5.2871368e+01
   5.2871368e+01
   5.2871368e+01
   5.2871368e+01
   5.2871368e+01
   5.2871368e+01
   5.2871368e+01
   5.2871368e+01
   5.2871368e+01
   5.2871368e+01
   5.2871368e+01
   5.2871368e+01
   5.2871368e+01
   5.1515692e+01
   5.1515692e+01
   5.1515692e+01
   5.1515692e+01
   5.1515692e+01
   5.1515692e+01
   5.1515692e+01
   5.1515692e+01
   5.1515692e+01
   5.1515692e+01
   5.1515692e+01
   5.1515692e+01
   5.1515692e+01
   5.1515692e+01
   5.1515692e+01
   5.1515692e+01
   5.1515692e+01
   5.1515692e+01
   5.1515692e+01
   5.1515692e+01
   5.1515692e+01
   5.1515692e+01
   5.1515692e+01
   5.1515692e+01
   5.1515692e+01
   5.1515692e+01
   5.1515692e+01
   5.1515692e+01
   5.1515692e+01
   5.1515692e+01
   5.1515692e+01
