   1.7500000e+02
   1.6500000e+02
   1.5090000e+03
   1.4340000e+03
   5.5200000e+02
   3.8400000e+02
   3.5800000e+02
   2.7500000e+02
   9.3100000e+02
   2.0690000e+03
   7.1500000e+02
   5.6400000e+02
   7.1300000e+02
   8.5100000e+02
   1.1360000e+03
   1.4120000e+03
   9.9700000e+02
   7.8330000e+03
   8.5390000e+03
   2.1510000e+03
   1.4360000e+03
   1.8820000e+03
   1.7300000e+03
   4.5230000e+03
   3.4710000e+03
   1.8260000e+03
   1.3920000e+03
   1.2030000e+03
   1.0370000e+03
   9.0300000e+02
   8.1300000e+02
   7.3700000e+02
   1.9500000e+03
   2.1310000e+03
   1.3010000e+03
   1.0950000e+03
   9.4600000e+02
   8.8400000e+02
   9.7500000e+02
   1.0020000e+03
   8.6900000e+02
   7.7700000e+02
   7.7700000e+02
   1.4440000e+03
   9.7300000e+02
   8.1600000e+02
   7.6200000e+02
   7.6000000e+02
   1.4470000e+03
   1.5110000e+03
   1.0460000e+03
   9.1700000e+02
   8.2600000e+02
   7.3300000e+02
   7.0900000e+02
   6.8800000e+02
   6.7100000e+02
   6.5600000e+02
   9.4400000e+02
   1.7100000e+03
   1.0590000e+03
   8.5600000e+02
   1.5370000e+03
   1.4040000e+03
   1.1030000e+03
   1.3600000e+03
   1.0090000e+03
   9.0500000e+02
   8.7900000e+02
   8.6900000e+02
   8.1400000e+02
   7.8000000e+02
   7.5500000e+02
   9.1500000e+02
   1.1030000e+03
   1.2580000e+03
   1.3850000e+03
   1.0640000e+03
   8.9300000e+02
   9.2100000e+02
   4.5530000e+03
   2.1350000e+03
   1.6310000e+03
   1.4440000e+03
   1.2650000e+03
   1.1490000e+03
   1.1630000e+03
   1.0920000e+03
   9.7100000e+02
   8.9100000e+02
   9.0500000e+02
   1.0290000e+03
   9.2200000e+02
   8.5300000e+02
   9.1500000e+02
   8.2200000e+02
   7.7000000e+02
   7.1900000e+02
   8.2800000e+02
   2.5690000e+03
   1.5140000e+03
   2.2270000e+03
   1.5090000e+03
   1.2040000e+03
   1.0740000e+03
   1.0930000e+03
   1.2800000e+03
   1.0380000e+03
   9.4300000e+02
   9.1900000e+02
   9.5100000e+02
   1.0150000e+03
   1.1290000e+03
   1.1520000e+03
   9.3000000e+02
   8.1200000e+02
   7.7800000e+02
   7.2300000e+02
   6.8500000e+02
   6.6100000e+02
   6.3000000e+02
   6.0400000e+02
   5.8300000e+02
   5.8000000e+02
   5.5400000e+02
   5.4100000e+02
   5.3300000e+02
   6.2700000e+02
   6.9000000e+02
   5.7100000e+02
   5.0600000e+02
   4.8400000e+02
   4.9100000e+02
   5.4900000e+02
   4.5700000e+02
   4.2600000e+02
   4.1000000e+02
   4.0300000e+02
   3.9900000e+02
   4.1000000e+02
   3.8700000e+02
   3.5000000e+02
   3.7200000e+02
   4.7100000e+02
   5.1000000e+02
   4.0900000e+02
   3.6100000e+02
   3.3600000e+02
   3.1900000e+02
   3.0400000e+02
   2.9500000e+02
   2.8400000e+02
   2.8900000e+02
   3.6600000e+02
   3.6900000e+02
   3.0900000e+02
   2.7700000e+02
   2.7800000e+02
   2.7900000e+02
   2.5000000e+02
   2.0700000e+02
   2.3500000e+02
   2.0500000e+02
   2.0300000e+02
   2.4400000e+02
   3.0700000e+02
   2.8800000e+02
   2.7400000e+02
   5.1300000e+02
   3.8100000e+02
   2.8600000e+02
   2.6300000e+02
   2.5100000e+02
   2.4600000e+02
   2.1600000e+02
   2.1200000e+02
   2.0100000e+02
   1.9400000e+02
   1.8900000e+02
   1.9300000e+02
   1.8000000e+02
   2.0000000e+02
   1.4700000e+02
   1.5400000e+02
   1.3400000e+02
   1.5600000e+02
   1.5600000e+02
   1.4900000e+02
   1.0400000e+02
   9.9000000e+01
   1.0200000e+02
   1.2500000e+02
   1.3300000e+02
   1.2800000e+02
   1.1800000e+02
   1.1400000e+02
   1.0500000e+02
   9.4000000e+01
   7.9000000e+01
   9.4000000e+01
   9.8000000e+01
   1.0000000e+02
   1.3400000e+02
   1.2000000e+02
   1.0100000e+02
   9.3000000e+01
   9.9000000e+01
   9.5000000e+01
   8.1000000e+01
   7.5000000e+01
   6.8000000e+01
   7.7000000e+01
   8.1000000e+01
   8.8000000e+01
   7.9000000e+01
   6.4000000e+01
   3.7000000e+01
   3.2000000e+01
   4.4000000e+01
   4.9000000e+01
   7.5000000e+01
   7.2000000e+01
   7.6000000e+01
   7.6000000e+01
   6.1000000e+01
   3.9200000e+02
   5.3800000e+02
   3.1500000e+02
   1.9400000e+02
   1.0300000e+02
   1.2800000e+02
   1.3200000e+02
   1.4700000e+02
   8.8000000e+01
   1.2400000e+02
   1.1800000e+02
   1.1600000e+02
   1.4700000e+02
   1.9500000e+02
   1.7700000e+02
   1.4900000e+02
   1.2400000e+02
   1.1200000e+02
   9.9000000e+01
   9.5000000e+01
   9.2000000e+01
   9.6000000e+01
   1.1700000e+02
   3.4200000e+02
   1.6060000e+03
   7.6900000e+02
   3.4300000e+02
   8.2500000e+02
   4.0500000e+02
   2.9400000e+02
   2.4900000e+02
   2.0000000e+02
   2.2400000e+02
   7.4660000e+03
   1.9806000e+04
   2.4830000e+03
   1.6280000e+03
   1.2690000e+03
   1.2490000e+03
   1.5810000e+03
   1.2070000e+03
   9.2600000e+02
   8.1500000e+02
   7.3000000e+02
   6.7800000e+02
   6.5200000e+02
   6.7400000e+02
   2.8020000e+03
   1.8270000e+03
   1.0910000e+03
   8.8900000e+02
   9.1600000e+02
   1.8030000e+03
   1.2410000e+03
   9.2500000e+02
   8.0200000e+02
   7.4800000e+02
   2.6950000e+03
   2.6020000e+03
   1.4330000e+03
   1.1690000e+03
   1.1000000e+03
   9.9300000e+02
   8.8800000e+02
   8.6000000e+02
   8.5800000e+02
   7.8800000e+02
   7.6200000e+02
   8.3200000e+02
   7.3600000e+02
   7.5700000e+02
   7.1900000e+02
   6.4100000e+02
   5.5600000e+02
   5.2400000e+02
   5.1000000e+02
   4.8800000e+02
   4.7200000e+02
   4.7200000e+02
   4.6700000e+02
   4.7700000e+02
   1.0640000e+03
   6.6800000e+02
   5.3800000e+02
   4.8600000e+02
   4.7100000e+02
   4.4800000e+02
   4.3600000e+02
   4.2700000e+02
   4.2800000e+02
   4.3400000e+02
   4.1400000e+02
   4.0800000e+02
   3.9700000e+02
   3.9700000e+02
   3.7500000e+02
   3.4900000e+02
   3.4400000e+02
   3.4800000e+02
   3.9200000e+02
   3.8400000e+02
   3.7600000e+02
   3.3200000e+02
   3.8600000e+02
   4.6400000e+02
   2.6400000e+03
   1.1370000e+03
   7.4200000e+02
   6.1600000e+02
   5.4900000e+02
   5.1800000e+02
   4.9000000e+02
   4.8200000e+02
   4.6600000e+02
   9.2400000e+02
   1.1080000e+03
   6.7500000e+02
   6.0800000e+02
   6.0500000e+02
   9.3000000e+02
   7.0700000e+02
   6.0700000e+02
   2.0040000e+03
   3.5180000e+03
   1.6590000e+03
   1.2770000e+03
   1.0930000e+03
   9.8100000e+02
   9.5600000e+02
   1.2970000e+03
   1.0240000e+03
   8.7500000e+02
   8.0900000e+02
   7.3200000e+02
   7.1600000e+02
   7.0300000e+02
   6.8800000e+02
   6.5900000e+02
   6.2800000e+02
   6.1200000e+02
