   5.0000000e+03
   4.2000000e+03
   5.4000000e+03
   6.2000000e+03
   6.8000000e+03
   7.0000000e+03
   6.9000000e+03
   7.0000000e+03
   7.4000000e+03
   8.2000000e+03
   8.9000000e+03
   1.0500000e+04
   1.1000000e+04
   1.0400000e+04
   9.0300000e+03
   8.3300000e+03
   8.7600000e+03
   1.4100000e+04
   2.6100000e+04
   3.3700000e+04
   3.6900000e+04
   3.6900000e+04
   5.0700000e+04
   1.0100000e+05
   2.1500000e+05
   2.3200000e+05
   1.8100000e+05
   1.3700000e+05
   1.0900000e+05
   8.5100000e+04
   6.9500000e+04
   5.8100000e+04
   4.9900000e+04
   5.0600000e+04
   5.3000000e+04
   5.5700000e+04
   6.1200000e+04
   6.0500000e+04
   5.5500000e+04
   5.0300000e+04
   4.5400000e+04
   4.2100000e+04
   4.0200000e+04
   3.9600000e+04
   4.1500000e+04
   4.5300000e+04
   4.6700000e+04
   4.3500000e+04
   4.1000000e+04
   3.9800000e+04
   3.9900000e+04
   3.9800000e+04
   3.7600000e+04
   3.3800000e+04
   3.0400000e+04
   2.7400000e+04
   2.5300000e+04
   2.3800000e+04
   2.3600000e+04
   2.4300000e+04
   2.4200000e+04
   2.4800000e+04
   2.7800000e+04
   6.8200000e+04
   1.1200000e+05
   1.0200000e+05
   8.2600000e+04
   6.4500000e+04
   5.1700000e+04
   4.4800000e+04
   4.1300000e+04
   3.8600000e+04
   3.6300000e+04
   3.5500000e+04
   3.4400000e+04
   3.4700000e+04
   3.7700000e+04
   4.4600000e+04
   5.7500000e+04
   7.0700000e+04
   7.7900000e+04
   8.5600000e+04
   8.2700000e+04
   7.6900000e+04
   7.1400000e+04
   6.7900000e+04
   6.3200000e+04
   5.9300000e+04
   5.7400000e+04
   5.8900000e+04
   6.2700000e+04
   6.6000000e+04
   6.8200000e+04
   7.0600000e+04
   6.9800000e+04
   6.7100000e+04
   6.6400000e+04
   6.0700000e+04
   5.3800000e+04
   5.6000000e+04
   7.3700000e+04
   8.7700000e+04
   8.9300000e+04
   8.2200000e+04
   7.3500000e+04
   6.5500000e+04
   5.7000000e+04
   5.1300000e+04
   4.8400000e+04
   4.6800000e+04
   4.5300000e+04
   4.5000000e+04
   4.4400000e+04
   4.6300000e+04
   4.7100000e+04
   5.1900000e+04
   5.6000000e+04
   5.0800000e+04
   4.4800000e+04
   4.0400000e+04
   3.6200000e+04
   3.3000000e+04
   3.0300000e+04
   2.7900000e+04
   2.6300000e+04
   2.5100000e+04
   2.3600000e+04
   2.3200000e+04
   2.7400000e+04
   3.0000000e+04
   2.7800000e+04
   2.6200000e+04
   2.4500000e+04
   2.3100000e+04
   2.0300000e+04
   1.8800000e+04
   1.8800000e+04
   1.7000000e+04
   1.5900000e+04
   1.4600000e+04
   1.4000000e+04
   1.3400000e+04
   1.3500000e+04
   1.3600000e+04
   1.4100000e+04
   1.4400000e+04
   1.4200000e+04
   1.3800000e+04
   1.3300000e+04
   1.2500000e+04
   1.1500000e+04
   1.0400000e+04
   9.9800000e+03
   1.0400000e+04
   9.1800000e+03
   8.6900000e+03
   8.3900000e+03
   8.0800000e+03
   7.5900000e+03
   7.1900000e+03
   7.1000000e+03
   6.8700000e+03
   6.7100000e+03
   6.4100000e+03
   6.3900000e+03
   6.5100000e+03
   6.1400000e+03
   6.1800000e+03
   6.5600000e+03
   6.7100000e+03
   7.3000000e+03
   7.3200000e+03
   6.8700000e+03
   6.2100000e+03
   5.7900000e+03
   5.3900000e+03
   5.1200000e+03
   5.0600000e+03
   4.8300000e+03
   4.9000000e+03
   4.9600000e+03
   5.1800000e+03
   6.4300000e+03
   7.1600000e+03
   6.9200000e+03
   7.4000000e+03
   6.9500000e+03
   6.6500000e+03
   6.1000000e+03
   5.4700000e+03
   5.2100000e+03
   5.0000000e+03
   4.9600000e+03
   6.0300000e+03
   5.9200000e+03
   5.5900000e+03
   5.4100000e+03
   5.1700000e+03
   4.9700000e+03
   4.7100000e+03
   4.5400000e+03
   4.3500000e+03
   4.8100000e+03
   5.1100000e+03
   5.4100000e+03
   4.9800000e+03
   4.5900000e+03
   4.2000000e+03
   4.1500000e+03
   3.8200000e+03
   3.7100000e+03
   3.7200000e+03
   3.8500000e+03
   3.8500000e+03
   3.3100000e+03
   3.0500000e+03
   2.8900000e+03
   2.8300000e+03
   2.6700000e+03
   2.7300000e+03
   2.8300000e+03
   2.7200000e+03
   2.8000000e+03
   2.7700000e+03
   2.6300000e+03
   3.9200000e+03
   5.7400000e+03
   7.2900000e+03
   6.9100000e+03
   6.0600000e+03
   4.4000000e+03
   3.5900000e+03
   4.8600000e+03
   1.7000000e+04
   9.8400000e+03
   6.6000000e+03
   5.7400000e+03
   5.2200000e+03
   5.4000000e+03
   7.3500000e+03
   9.4400000e+03
   7.1700000e+03
   5.7500000e+03
   4.8600000e+03
   4.2300000e+03
   4.1900000e+03
   4.0700000e+03
   3.8500000e+03
   4.2800000e+03
   1.0100000e+04
   5.2300000e+04
   2.7200000e+04
   1.5600000e+04
   1.0900000e+04
   8.5600000e+03
   7.3800000e+03
   6.3100000e+03
   5.8500000e+03
   1.2100000e+04
   3.3600000e+04
   5.4300000e+04
   4.1800000e+04
   3.1600000e+04
   3.0500000e+04
   2.7800000e+04
   2.5400000e+04
   2.2800000e+04
   2.1500000e+04
   1.9500000e+04
   1.9100000e+04
   1.8000000e+04
   1.6300000e+04
   2.2200000e+04
   4.3000000e+04
   3.9600000e+04
   3.2300000e+04
   2.8500000e+04
   2.9200000e+04
   3.0400000e+04
   2.6800000e+04
   2.2800000e+04
   1.9800000e+04
   2.0000000e+04
   2.4400000e+04
   2.4200000e+04
   2.2600000e+04
   2.1000000e+04
   1.9300000e+04
   1.8600000e+04
   1.7800000e+04
   1.7000000e+04
   1.5800000e+04
   1.6300000e+04
   1.5400000e+04
   1.4300000e+04
   1.3200000e+04
   1.2800000e+04
   1.1100000e+04
   1.1700000e+04
   1.0600000e+04
   1.0200000e+04
   9.4400000e+03
   9.3500000e+03
   8.9000000e+03
   8.8100000e+03
   8.6300000e+03
   9.1100000e+03
   9.7300000e+03
   1.2100000e+04
   1.5000000e+04
   1.4500000e+04
   1.6500000e+04
   1.5200000e+04
   1.4000000e+04
   1.2600000e+04
   1.1400000e+04
   1.0900000e+04
   1.0300000e+04
   9.8800000e+03
   9.3900000e+03
   8.9800000e+03
   9.0100000e+03
   9.2800000e+03
   9.2100000e+03
   9.0400000e+03
   9.0400000e+03
   8.9800000e+03
   8.2200000e+03
   9.1500000e+03
   9.6800000e+03
   1.2400000e+04
   3.0500000e+04
   6.2300000e+04
   6.1300000e+04
   5.0400000e+04
   4.2000000e+04
   3.6000000e+04
   3.1700000e+04
   2.8700000e+04
   2.6900000e+04
   2.5500000e+04
   2.4600000e+04
   2.4200000e+04
   2.4200000e+04
   2.3600000e+04
   2.2500000e+04
   2.1500000e+04
   2.2800000e+04
   3.6500000e+04
   5.2600000e+04
   5.4200000e+04
   5.6100000e+04
   5.2500000e+04
   4.6000000e+04
   4.2200000e+04
   4.0800000e+04
   3.8600000e+04
   3.6700000e+04
   3.4700000e+04
   3.1200000e+04
   2.8200000e+04
   2.7000000e+04
   2.5000000e+04
   2.2900000e+04
   2.1800000e+04
